{"slideHeight":768,
"filename":"SSTI-M08UF1-1",
"navigatorEvents":[{"eventName":"Slide 1",
"eventIndex":0}
,{"eventName":"Slide 2",
"eventIndex":1}
,{"eventName":"Slide 3",
"eventIndex":2}
,{"eventName":"Slide 4",
"eventIndex":3}
,{"eventName":"Slide 5",
"eventIndex":6}
,{"eventName":"Slide 6",
"eventIndex":9}
,{"eventName":"Slide 7",
"eventIndex":10}
,{"eventName":"Slide 8",
"eventIndex":11}
,{"eventName":"Slide 9",
"eventIndex":12}
,{"eventName":"Slide 10",
"eventIndex":15}
,{"eventName":"Slide 11",
"eventIndex":16}
,{"eventName":"Slide 12",
"eventIndex":18}
,{"eventName":"Slide 13",
"eventIndex":19}
,{"eventName":"Slide 14",
"eventIndex":20}
,{"eventName":"Slide 15",
"eventIndex":21}
,{"eventName":"Slide 16",
"eventIndex":22}
,{"eventName":"Slide 17",
"eventIndex":24}
,{"eventName":"Slide 18",
"eventIndex":27}
,{"eventName":"Slide 19",
"eventIndex":28}
,{"eventName":"Slide 20",
"eventIndex":29}
,{"eventName":"Slide 21",
"eventIndex":30}
,{"eventName":"Slide 22",
"eventIndex":34}
,{"eventName":"Slide 23",
"eventIndex":39}
,{"eventName":"Slide 24",
"eventIndex":41}
,{"eventName":"Slide 25",
"eventIndex":43}
,{"eventName":"Slide 26",
"eventIndex":44}
,{"eventName":"Slide 27",
"eventIndex":45}
,{"eventName":"Slide 28",
"eventIndex":46}
,{"eventName":"Slide 29",
"eventIndex":47}
,{"eventName":"Slide 30",
"eventIndex":48}
,{"eventName":"Slide 31",
"eventIndex":49}
,{"eventName":"Slide 32",
"eventIndex":50}
,{"eventName":"Slide 33",
"eventIndex":51}
,{"eventName":"Slide 34",
"eventIndex":52}
,{"eventName":"Slide 35",
"eventIndex":53}
,{"eventName":"Slide 36",
"eventIndex":54}
,{"eventName":"Slide 37",
"eventIndex":55}
,{"eventName":"Slide 38",
"eventIndex":56}
,{"eventName":"Slide 39",
"eventIndex":57}
,{"eventName":"Slide 40",
"eventIndex":58}
,{"eventName":"Slide 41",
"eventIndex":59}
,{"eventName":"Slide 42",
"eventIndex":60}
,{"eventName":"Slide 43",
"eventIndex":61}
,{"eventName":"Slide 44",
"eventIndex":62}
,{"eventName":"Slide 45",
"eventIndex":63}
,{"eventName":"Slide 46",
"eventIndex":64}
,{"eventName":"Slide 47",
"eventIndex":65}
,{"eventName":"Slide 48",
"eventIndex":66}
,{"eventName":"Slide 49",
"eventIndex":67}
,{"eventName":"Slide 50",
"eventIndex":68}
,{"eventName":"Slide 51",
"eventIndex":69}
,{"eventName":"Slide 52",
"eventIndex":70}
,{"eventName":"Slide 53",
"eventIndex":71}
,{"eventName":"Slide 54",
"eventIndex":72}
,{"eventName":"Slide 55",
"eventIndex":73}
,{"eventName":"Slide 56",
"eventIndex":74}
]
,
"textures":{"s4.2.2.1.fixed":{"url":"images-1/s4.1.2.1.fixed.png",
"width":492,
"height":105}
,
"s17.1.1.1.dynamic":{"url":"images-1/s17.1.1.1.dynamic.png",
"width":941,
"height":172}
,
"s11.b":{"url":"images-1/s11.b.jpeg",
"width":1024,
"height":768}
,
"s5.1.1.1.dynamic":{"url":"images-1/s5.1.1.1.dynamic.png",
"width":388,
"height":400}
,
"s29.a":{"url":"images-1/s28.b.jpeg",
"width":1024,
"height":768}
,
"s4.a":{"url":"images-1/s4.a.jpeg",
"width":1024,
"height":768}
,
"s4.background":{"url":"images-1/s4.background.jpeg",
"width":1024,
"height":768}
,
"s17.1.2.1.fixed":{"url":"images-1/s16.1.2.1.fixed.png",
"width":337,
"height":39}
,
"s4.1.6.1.fixed":{"url":"images-1/s4.1.6.1.fixed.png",
"width":13,
"height":17}
,
"s20.b":{"url":"images-1/s20.b.jpeg",
"width":1024,
"height":768}
,
"s38.a":{"url":"images-1/s37.b.jpeg",
"width":1024,
"height":768}
,
"s9.background":{"url":"images-1/s4.background.jpeg",
"width":1024,
"height":768}
,
"s16.1.1.1.dynamic":{"url":"images-1/s16.1.1.1.dynamic.png",
"width":757,
"height":278}
,
"s4.b":{"url":"images-1/s4.b.jpeg",
"width":1024,
"height":768}
,
"s21.3.3.2.fixed":{"url":"images-1/s21.2.1.2.dynamic.png",
"width":604,
"height":40}
,
"s47.a":{"url":"images-1/s46.b.jpeg",
"width":1024,
"height":768}
,
"s1.in.3":{"url":"images-1/s1.in.3.png",
"width":16,
"height":17}
,
"s11.1.2.1.fixed":{"url":"images-1/s11.1.2.1.fixed.png",
"width":553,
"height":50}
,
"s4.2.6.1.fixed":{"url":"images-1/s4.1.6.1.fixed.png",
"width":13,
"height":17}
,
"s29.b":{"url":"images-1/s29.b.jpeg",
"width":1024,
"height":768}
,
"s9.1.2.1.fixed":{"url":"images-2/s9.1.2.1.fixed.png",
"width":689,
"height":81}
,
"s17.background":{"url":"images-1/s4.background.jpeg",
"width":1024,
"height":768}
,
"s38.b":{"url":"images-1/s38.b.jpeg",
"width":1024,
"height":768}
,
"s21.2.2.1.fixed":{"url":"images-1/s21.1.2.1.fixed.png",
"width":347,
"height":39}
,
"s11.1.4.1.fixed":{"url":"images-1/s11.1.4.1.fixed.png",
"width":20,
"height":17}
,
"s24.1.1.1.fixed":{"url":"images-1/s4.1.1.1.fixed.png",
"width":807,
"height":6}
,
"s16.a":{"url":"images-1/s16.a.jpeg",
"width":1024,
"height":768}
,
"s47.b":{"url":"images-1/s47.b.jpeg",
"width":1024,
"height":768}
,
"s22.1.5.1.fixed":{"url":"images-1/s22.1.5.1.fixed.png",
"width":888,
"height":73}
,
"s25.a":{"url":"images-1/s24.b.jpeg",
"width":1024,
"height":768}
,
"s53.a":{"url":"images-2/s52.b.jpeg",
"width":1024,
"height":768}
,
"s22.2.1.2.dynamic":{"url":"images-1/s22.2.1.2.dynamic.png",
"width":561,
"height":42}
,
"s21.2.4.1.fixed":{"url":"images-1/s21.1.4.1.fixed.png",
"width":21,
"height":17}
,
"s2.a":{"url":"images-1/s2.a.jpeg",
"width":1024,
"height":768}
,
"s9.2.2.1.fixed":{"url":"images-2/s9.1.2.1.fixed.png",
"width":689,
"height":81}
,
"s21.1.1.1.fixed":{"url":"images-1/s4.1.1.1.fixed.png",
"width":807,
"height":6}
,
"thumbnail":{"url":"images-2/thumbnail.jpeg",
"width":458,
"height":344}
,
"s34.a":{"url":"images-1/s33.b.jpeg",
"width":1024,
"height":768}
,
"s17.2.4.1.fixed":{"url":"images-1/s17.1.4.1.fixed.png",
"width":22,
"height":17}
,
"s17.1.1.1.fixed":{"url":"images-1/s4.1.1.1.fixed.png",
"width":807,
"height":6}
,
"s43.a":{"url":"images-1/s42.b.jpeg",
"width":1024,
"height":768}
,
"s2.b":{"url":"images-1/s2.b.jpeg",
"width":1024,
"height":768}
,
"s16.b":{"url":"images-1/s16.b.jpeg",
"width":1024,
"height":768}
,
"s17.2.6.1.fixed":{"url":"images-1/s17.1.1.1.dynamic.png",
"width":941,
"height":172}
,
"s9.1.6.1.fixed":{"url":"images-2/s9.1.6.1.fixed.png",
"width":526,
"height":133}
,
"s25.b":{"url":"images-1/s25.b.jpeg",
"width":1024,
"height":768}
,
"s53.b":{"url":"images-2/s53.b.jpeg",
"width":1024,
"height":768}
,
"s17.1.3.1.fixed":{"url":"images-1/s16.1.3.1.fixed.png",
"width":778,
"height":57}
,
"s4.2.4.1.fixed":{"url":"images-1/s4.1.1.1.dynamic.png",
"width":743,
"height":194}
,
"s1.out.1":{"url":"images-1/s1.out.1.png",
"width":811,
"height":152}
,
"s21.3.1.1.dynamic":{"url":"images-1/s21.1.5.1.fixed.png",
"width":788,
"height":196}
,
"s34.b":{"url":"images-1/s34.b.jpeg",
"width":1024,
"height":768}
,
"s12.a":{"url":"images-1/s11.b.jpeg",
"width":1024,
"height":768}
,
"s4.2.1.1.dynamic":{"url":"images-1/s4.1.5.1.fixed.png",
"width":1013,
"height":124}
,
"s43.b":{"url":"images-1/s43.b.jpeg",
"width":1024,
"height":768}
,
"s21.a":{"url":"images-1/s21.a.jpeg",
"width":1024,
"height":768}
,
"s22.background":{"url":"images-1/s4.background.jpeg",
"width":1024,
"height":768}
,
"s22.4.1.1.dynamic":{"url":"images-1/s22.1.5.1.fixed.png",
"width":888,
"height":73}
,
"s30.a":{"url":"images-1/s29.b.jpeg",
"width":1024,
"height":768}
,
"s22.4.1.1.fixed":{"url":"images-1/s4.1.1.1.fixed.png",
"width":807,
"height":6}
,
"s12.b":{"url":"images-1/s12.b.jpeg",
"width":1024,
"height":768}
,
"s24.1.2.1.fixed":{"url":"images-1/s24.1.2.1.fixed.png",
"width":22,
"height":17}
,
"s9.1.4.1.fixed":{"url":"images-2/s9.1.4.1.fixed.png",
"width":306,
"height":138}
,
"s21.b":{"url":"images-1/s21.b.jpeg",
"width":1024,
"height":768}
,
"s39.a":{"url":"images-1/s38.b.jpeg",
"width":1024,
"height":768}
,
"s22.4.3.1.fixed":{"url":"images-1/s22.3.1.1.static.png",
"width":627,
"height":172}
,
"s21.2.5.1.fixed":{"url":"images-1/s21.1.5.1.fixed.png",
"width":788,
"height":196}
,
"s9.a":{"url":"images-2/s9.a.jpeg",
"width":1024,
"height":768}
,
"s21.1.2.1.fixed":{"url":"images-1/s21.1.2.1.fixed.png",
"width":347,
"height":39}
,
"s30.b":{"url":"images-1/s30.b.jpeg",
"width":1024,
"height":768}
,
"s9.1.1.1.dynamic":{"url":"images-2/s9.1.1.1.dynamic.png",
"width":519,
"height":137}
,
"s48.a":{"url":"images-1/s47.b.jpeg",
"width":1024,
"height":768}
,
"s24.1.4.1.fixed":{"url":"images-1/s24.1.4.1.fixed.png",
"width":624,
"height":239}
,
"s24.background":{"url":"images-1/s4.background.jpeg",
"width":1024,
"height":768}
,
"s17.2.5.1.fixed":{"url":"images-1/s17.1.5.1.fixed.png",
"width":388,
"height":27}
,
"s9.b":{"url":"images-1/s9.b.jpeg",
"width":1024,
"height":768}
,
"s9.2.4.1.fixed":{"url":"images-2/s9.1.4.1.fixed.png",
"width":306,
"height":138}
,
"s5.1.1.1.fixed":{"url":"images-1/s4.1.1.1.fixed.png",
"width":807,
"height":6}
,
"s21.1.4.1.fixed":{"url":"images-1/s21.1.4.1.fixed.png",
"width":21,
"height":17}
,
"s17.2.7.1.fixed":{"url":"images-1/s17.1.7.1.fixed.png",
"width":420,
"height":27}
,
"s39.b":{"url":"images-1/s39.b.jpeg",
"width":1024,
"height":768}
,
"s17.1.4.1.fixed":{"url":"images-1/s17.1.4.1.fixed.png",
"width":22,
"height":17}
,
"s17.a":{"url":"images-1/s17.a.jpeg",
"width":1024,
"height":768}
,
"s48.b":{"url":"images-1/s48.b.jpeg",
"width":1024,
"height":768}
,
"s5.background":{"url":"images-1/s4.background.jpeg",
"width":1024,
"height":768}
,
"s22.3.1.1.static":{"url":"images-1/s22.3.1.1.static.png",
"width":627,
"height":172}
,
"s26.a":{"url":"images-1/s25.b.jpeg",
"width":1024,
"height":768}
,
"s5.2.1.1.fixed":{"url":"images-1/s4.1.1.1.fixed.png",
"width":807,
"height":6}
,
"s54.a":{"url":"images-2/s53.b.jpeg",
"width":1024,
"height":768}
,
"s35.a":{"url":"images-1/s34.b.jpeg",
"width":1024,
"height":768}
,
"s16.1.2.1.fixed":{"url":"images-1/s16.1.2.1.fixed.png",
"width":337,
"height":39}
,
"s4.1.1.1.fixed":{"url":"images-1/s4.1.1.1.fixed.png",
"width":807,
"height":6}
,
"s7.a":{"url":"images-2/s6.b.jpeg",
"width":1024,
"height":768}
,
"s44.a":{"url":"images-1/s43.b.jpeg",
"width":1024,
"height":768}
,
"s17.b":{"url":"images-1/s17.b.jpeg",
"width":1024,
"height":768}
,
"s5.1.5.1.fixed":{"url":"images-2/s5.1.5.1.fixed.png",
"width":13,
"height":17}
,
"s22.4.2.1.fixed":{"url":"images-1/s21.1.2.1.fixed.png",
"width":347,
"height":39}
,
"s26.b":{"url":"images-1/s26.b.jpeg",
"width":1024,
"height":768}
,
"s5.2.1.1.dynamic":{"url":"images-2/s5.1.4.1.fixed.png",
"width":505,
"height":405}
,
"s24.1.3.1.fixed":{"url":"images-1/s24.1.3.1.fixed.png",
"width":672,
"height":102}
,
"s54.b":{"url":"images-2/s54.b.jpeg",
"width":1024,
"height":768}
,
"s7.b":{"url":"images-2/s7.b.jpeg",
"width":1024,
"height":768}
,
"s4.2.1.1.fixed":{"url":"images-1/s4.1.1.1.fixed.png",
"width":807,
"height":6}
,
"s35.b":{"url":"images-1/s35.b.jpeg",
"width":1024,
"height":768}
,
"s22.4.4.1.fixed":{"url":"images-1/s22.1.4.1.fixed.png",
"width":22,
"height":17}
,
"s16.background":{"url":"images-1/s4.background.jpeg",
"width":1024,
"height":768}
,
"s13.a":{"url":"images-1/s12.b.jpeg",
"width":1024,
"height":768}
,
"s5.2.5.1.fixed":{"url":"images-2/s5.1.5.1.fixed.png",
"width":13,
"height":17}
,
"s22.3.1.1.fixed":{"url":"images-1/s4.1.1.1.fixed.png",
"width":807,
"height":6}
,
"s44.b":{"url":"images-1/s44.b.jpeg",
"width":1024,
"height":768}
,
"s22.a":{"url":"images-1/s22.a.jpeg",
"width":1024,
"height":768}
,
"s11.1.1.1.dynamic":{"url":"images-1/s11.1.1.1.dynamic.png",
"width":785,
"height":59}
,
"s50.a":{"url":"images-1/s49.b.jpeg",
"width":1024,
"height":768}
,
"s23.1.1.1.fixed":{"url":"images-1/s4.1.1.1.fixed.png",
"width":807,
"height":6}
,
"s4.1.5.1.fixed":{"url":"images-1/s4.1.5.1.fixed.png",
"width":1013,
"height":124}
,
"s21.2.1.1.static":{"url":"images-1/s21.1.1.1.dynamic.png",
"width":689,
"height":147}
,
"s21.1.5.1.fixed":{"url":"images-1/s21.1.5.1.fixed.png",
"width":788,
"height":196}
,
"s31.a":{"url":"images-1/s30.b.jpeg",
"width":1024,
"height":768}
,
"s17.1.5.1.fixed":{"url":"images-1/s17.1.5.1.fixed.png",
"width":388,
"height":27}
,
"s40.a":{"url":"images-1/s39.b.jpeg",
"width":1024,
"height":768}
,
"s13.b":{"url":"images-1/s13.b.jpeg",
"width":1024,
"height":768}
,
"s5.a":{"url":"images-2/s5.a.jpeg",
"width":1024,
"height":768}
,
"s16.1.1.1.fixed":{"url":"images-1/s4.1.1.1.fixed.png",
"width":807,
"height":6}
,
"s22.b":{"url":"images-1/s22.b.jpeg",
"width":1024,
"height":768}
,
"s50.b":{"url":"images-2/s50.b.jpeg",
"width":1024,
"height":768}
,
"s17.1.7.1.fixed":{"url":"images-1/s17.1.7.1.fixed.png",
"width":420,
"height":27}
,
"s9.1.1.1.fixed":{"url":"images-1/s4.1.1.1.fixed.png",
"width":807,
"height":6}
,
"s5.b":{"url":"images-2/s5.b.jpeg",
"width":1024,
"height":768}
,
"s31.b":{"url":"images-1/s31.b.jpeg",
"width":1024,
"height":768}
,
"s49.a":{"url":"images-1/s48.b.jpeg",
"width":1024,
"height":768}
,
"s16.1.3.1.fixed":{"url":"images-1/s16.1.3.1.fixed.png",
"width":778,
"height":57}
,
"s22.2.1.1.static":{"url":"images-1/s22.1.1.1.dynamic.png",
"width":627,
"height":91}
,
"s40.b":{"url":"images-1/s40.b.jpeg",
"width":1024,
"height":768}
,
"s5.2.3.1.fixed":{"url":"images-1/s5.1.1.1.dynamic.png",
"width":388,
"height":400}
,
"s22.4.3.2.fixed":{"url":"images-1/s22.3.1.2.dynamic.png",
"width":603,
"height":47}
,
"s9.2.1.1.fixed":{"url":"images-1/s4.1.1.1.fixed.png",
"width":807,
"height":6}
,
"s4.1.3.1.fixed":{"url":"images-1/s4.1.3.1.fixed.png",
"width":610,
"height":123}
,
"s21.background":{"url":"images-1/s4.background.jpeg",
"width":1024,
"height":768}
,
"s18.a":{"url":"images-1/s17.b.jpeg",
"width":1024,
"height":768}
,
"s21.1.1.1.dynamic":{"url":"images-1/s21.1.1.1.dynamic.png",
"width":689,
"height":147}
,
"s49.b":{"url":"images-1/s49.b.jpeg",
"width":1024,
"height":768}
,
"s27.a":{"url":"images-1/s26.b.jpeg",
"width":1024,
"height":768}
,
"s55.a":{"url":"images-2/s54.b.jpeg",
"width":1024,
"height":768}
,
"s22.3.2.1.fixed":{"url":"images-1/s21.1.2.1.fixed.png",
"width":347,
"height":39}
,
"s3.a":{"url":"images-1/s2.b.jpeg",
"width":1024,
"height":768}
,
"s1.out.2":{"url":"images-1/s1.out.2.png",
"width":801,
"height":207}
,
"s4.2.3.1.fixed":{"url":"images-1/s4.1.3.1.fixed.png",
"width":610,
"height":123}
,
"s36.a":{"url":"images-1/s35.b.jpeg",
"width":1024,
"height":768}
,
"s23.1.2.1.fixed":{"url":"images-1/s21.1.2.1.fixed.png",
"width":347,
"height":39}
,
"s22.3.4.1.fixed":{"url":"images-1/s22.1.4.1.fixed.png",
"width":22,
"height":17}
,
"s3.b":{"url":"images-1/s3.b.jpeg",
"width":1024,
"height":768}
,
"s45.a":{"url":"images-1/s44.b.jpeg",
"width":1024,
"height":768}
,
"s22.2.1.1.fixed":{"url":"images-1/s4.1.1.1.fixed.png",
"width":807,
"height":6}
,
"s18.b":{"url":"images-1/s18.b.jpeg",
"width":1024,
"height":768}
,
"s11.background":{"url":"images-1/s4.background.jpeg",
"width":1024,
"height":768}
,
"s23.background":{"url":"images-1/s4.background.jpeg",
"width":1024,
"height":768}
,
"s23.1.4.1.fixed":{"url":"images-1/s23.1.4.1.fixed.png",
"width":21,
"height":17}
,
"s5.1.2.1.fixed":{"url":"images-2/s5.1.2.1.fixed.png",
"width":666,
"height":106}
,
"s27.b":{"url":"images-1/s27.b.jpeg",
"width":1024,
"height":768}
,
"s55.b":{"url":"images-2/s55.b.jpeg",
"width":1024,
"height":768}
,
"s36.b":{"url":"images-1/s36.b.jpeg",
"width":1024,
"height":768}
,
"s17.1.8.1.fixed":{"url":"images-1/s17.1.8.1.fixed.png",
"width":412,
"height":198}
,
"s14.a":{"url":"images-1/s13.b.jpeg",
"width":1024,
"height":768}
,
"s9.2.1.1.dynamic":{"url":"images-2/s9.1.6.1.fixed.png",
"width":526,
"height":133}
,
"s1.in.1":{"url":"images-1/s1.out.1.png",
"width":811,
"height":152}
,
"s45.b":{"url":"images-1/s45.b.jpeg",
"width":1024,
"height":768}
,
"s16.1.4.1.fixed":{"url":"images-1/s16.1.4.1.fixed.png",
"width":22,
"height":17}
,
"s23.a":{"url":"images-1/s23.a.jpeg",
"width":1024,
"height":768}
,
"s51.a":{"url":"images-2/s50.b.jpeg",
"width":1024,
"height":768}
,
"s9.1.3.1.fixed":{"url":"images-2/s9.1.3.1.fixed.png",
"width":13,
"height":17}
,
"s1.a":{"url":"images-1/s1.a.jpeg",
"width":1024,
"height":768}
,
"s32.a":{"url":"images-1/s31.b.jpeg",
"width":1024,
"height":768}
,
"s16.1.6.1.fixed":{"url":"images-1/s16.1.6.1.fixed.png",
"width":556,
"height":27}
,
"s41.a":{"url":"images-1/s40.b.jpeg",
"width":1024,
"height":768}
,
"s14.b":{"url":"images-1/s14.b.jpeg",
"width":1024,
"height":768}
,
"s1.b":{"url":"images-1/s1.a.jpeg",
"width":1024,
"height":768}
,
"s9.2.3.1.fixed":{"url":"images-2/s9.1.3.1.fixed.png",
"width":13,
"height":17}
,
"s23.b":{"url":"images-1/s23.b.jpeg",
"width":1024,
"height":768}
,
"s51.b":{"url":"images-2/s51.b.jpeg",
"width":1024,
"height":768}
,
"s32.b":{"url":"images-1/s32.b.jpeg",
"width":1024,
"height":768}
,
"s23.1.3.1.fixed":{"url":"images-1/s23.1.3.1.fixed.png",
"width":768,
"height":159}
,
"s10.a":{"url":"images-1/s9.b.jpeg",
"width":1024,
"height":768}
,
"s22.3.5.1.fixed":{"url":"images-1/s22.1.5.1.fixed.png",
"width":888,
"height":73}
,
"s41.b":{"url":"images-1/s41.b.jpeg",
"width":1024,
"height":768}
,
"s23.1.1.1.dynamic":{"url":"images-1/s23.1.1.1.dynamic.png",
"width":790,
"height":186}
,
"s22.2.2.1.fixed":{"url":"images-1/s21.1.2.1.fixed.png",
"width":347,
"height":39}
,
"s21.3.1.1.fixed":{"url":"images-1/s4.1.1.1.fixed.png",
"width":807,
"height":6}
,
"s22.2.4.1.fixed":{"url":"images-1/s22.1.4.1.fixed.png",
"width":22,
"height":17}
,
"s19.a":{"url":"images-1/s18.b.jpeg",
"width":1024,
"height":768}
,
"s22.1.1.1.fixed":{"url":"images-1/s4.1.1.1.fixed.png",
"width":807,
"height":6}
,
"s22.1.1.1.dynamic":{"url":"images-1/s22.1.1.1.dynamic.png",
"width":627,
"height":91}
,
"s21.3.3.1.fixed":{"url":"images-1/s21.1.1.1.dynamic.png",
"width":689,
"height":147}
,
"s5.1.4.1.fixed":{"url":"images-2/s5.1.4.1.fixed.png",
"width":505,
"height":405}
,
"s10.b":{"url":"images-1/s10.b.jpeg",
"width":1024,
"height":768}
,
"s28.a":{"url":"images-1/s27.b.jpeg",
"width":1024,
"height":768}
,
"s56.a":{"url":"images-2/s55.b.jpeg",
"width":1024,
"height":768}
,
"s37.a":{"url":"images-1/s36.b.jpeg",
"width":1024,
"height":768}
,
"s17.2.1.1.dynamic":{"url":"images-1/s17.1.8.1.fixed.png",
"width":412,
"height":198}
,
"s4.1.1.1.dynamic":{"url":"images-1/s4.1.1.1.dynamic.png",
"width":743,
"height":194}
,
"s8.a":{"url":"images-2/s7.b.jpeg",
"width":1024,
"height":768}
,
"s46.a":{"url":"images-1/s45.b.jpeg",
"width":1024,
"height":768}
,
"s19.b":{"url":"images-1/s19.b.jpeg",
"width":1024,
"height":768}
,
"s17.2.2.1.fixed":{"url":"images-1/s16.1.2.1.fixed.png",
"width":337,
"height":39}
,
"s28.b":{"url":"images-1/s28.b.jpeg",
"width":1024,
"height":768}
,
"s56.b":{"url":"images-2/s56.b.png",
"width":1024,
"height":768}
,
"s8.b":{"url":"images-2/s8.b.jpeg",
"width":1024,
"height":768}
,
"s1.in.2":{"url":"images-1/s1.in.2.png",
"width":370,
"height":462}
,
"s37.b":{"url":"images-1/s37.b.jpeg",
"width":1024,
"height":768}
,
"s15.a":{"url":"images-1/s14.b.jpeg",
"width":1024,
"height":768}
,
"s46.b":{"url":"images-1/s46.b.jpeg",
"width":1024,
"height":768}
,
"s21.2.1.2.dynamic":{"url":"images-1/s21.2.1.2.dynamic.png",
"width":604,
"height":40}
,
"s24.a":{"url":"images-1/s24.a.jpeg",
"width":1024,
"height":768}
,
"s52.a":{"url":"images-2/s51.b.jpeg",
"width":1024,
"height":768}
,
"s9.2.5.1.fixed":{"url":"images-2/s9.1.1.1.dynamic.png",
"width":519,
"height":137}
,
"s33.a":{"url":"images-1/s32.b.jpeg",
"width":1024,
"height":768}
,
"s21.3.2.1.fixed":{"url":"images-1/s21.1.2.1.fixed.png",
"width":347,
"height":39}
,
"s42.a":{"url":"images-1/s41.b.jpeg",
"width":1024,
"height":768}
,
"s6.a":{"url":"images-2/s5.b.jpeg",
"width":1024,
"height":768}
,
"s15.b":{"url":"images-1/s15.b.jpeg",
"width":1024,
"height":768}
,
"s22.3.1.2.dynamic":{"url":"images-1/s22.3.1.2.dynamic.png",
"width":603,
"height":47}
,
"s11.1.1.1.fixed":{"url":"images-1/s4.1.1.1.fixed.png",
"width":807,
"height":6}
,
"s5.2.2.1.fixed":{"url":"images-2/s5.1.2.1.fixed.png",
"width":666,
"height":106}
,
"s22.2.5.1.fixed":{"url":"images-1/s22.1.5.1.fixed.png",
"width":888,
"height":73}
,
"s22.1.2.1.fixed":{"url":"images-1/s21.1.2.1.fixed.png",
"width":347,
"height":39}
,
"s21.3.4.1.fixed":{"url":"images-1/s21.1.4.1.fixed.png",
"width":21,
"height":17}
,
"s24.b":{"url":"images-1/s24.b.jpeg",
"width":1024,
"height":768}
,
"s52.b":{"url":"images-2/s52.b.jpeg",
"width":1024,
"height":768}
,
"s21.2.1.1.fixed":{"url":"images-1/s4.1.1.1.fixed.png",
"width":807,
"height":6}
,
"s11.1.3.1.fixed":{"url":"images-1/s11.1.3.1.fixed.png",
"width":759,
"height":238}
,
"s6.b":{"url":"images-2/s6.b.jpeg",
"width":1024,
"height":768}
,
"s4.1.2.1.fixed":{"url":"images-1/s4.1.2.1.fixed.png",
"width":492,
"height":105}
,
"s33.b":{"url":"images-1/s33.b.jpeg",
"width":1024,
"height":768}
,
"s22.1.4.1.fixed":{"url":"images-1/s22.1.4.1.fixed.png",
"width":22,
"height":17}
,
"s17.2.1.1.fixed":{"url":"images-1/s4.1.1.1.fixed.png",
"width":807,
"height":6}
,
"s11.a":{"url":"images-1/s11.a.jpeg",
"width":1024,
"height":768}
,
"s42.b":{"url":"images-1/s42.b.jpeg",
"width":1024,
"height":768}
,
"s24.1.1.1.dynamic":{"url":"images-1/s24.1.1.1.dynamic.png",
"width":571,
"height":243}
,
"s20.a":{"url":"images-1/s19.b.jpeg",
"width":1024,
"height":768}
,
"s17.2.3.1.fixed":{"url":"images-1/s16.1.3.1.fixed.png",
"width":778,
"height":57}
,
"s1.out.3":{"url":"images-1/s1.out.3.png",
"width":11,
"height":17}
}
,
"title":"SSTI-M08UF1-1",
"minorVersion":4,
"timestamp":"2013-10-09 07:47:14",
"slideWidth":1024,
"eventTimelines":[{"automaticPlay":0,
"hyperlinks":[]
,
"eventInitialStates":[{"opacity":1,
"zIndex":1,
"affineTransform":[1,0,0,1,0,0]
,
"texture":"s1.a",
"hidden":0}
,{"opacity":1,
"zIndex":2,
"affineTransform":[1,0,0,1,105,215]
,
"texture":"s1.out.1",
"hidden":0}
,{"opacity":1,
"zIndex":3,
"affineTransform":[1,0,0,1,105,560]
,
"texture":"s1.in.1",
"hidden":1}
,{"opacity":1,
"zIndex":4,
"affineTransform":[1,0,0,1,112,474]
,
"texture":"s1.out.2",
"hidden":0}
,{"opacity":1,
"zIndex":5,
"affineTransform":[1,0,0,1,505,731]
,
"texture":"s1.out.3",
"hidden":0}
,{"opacity":1,
"zIndex":6,
"affineTransform":[1,0,0,1,320,43]
,
"texture":"s1.in.2",
"hidden":1}
,{"opacity":1,
"zIndex":7,
"affineTransform":[1,0,0,1,503,731]
,
"texture":"s1.in.3",
"hidden":1}
]
,
"eventAnimations":[{"effect":"MagicMovePart",
"actions":[{"beginTime":0,
"from":{"scalar":1}
,
"action":"opacity",
"texture":"s1.out.3",
"to":{"scalar":0}
,
"timingFunction":"easeIn",
"duration":0.3}
]
,
"duration":1,
"animationType":"transition-MagicMove",
"beginTime":0,
"textures":["s1.out.3"]
}
,{"effect":"MagicMovePart",
"actions":[{"beginTime":0.7,
"from":{"scalar":0}
,
"action":"opacity",
"texture":"s1.in.2",
"to":{"scalar":1}
,
"timingFunction":"easeOut",
"duration":0.3}
,{"beginTime":0.7,
"from":{"scalar":0}
,
"action":"hidden",
"texture":"s1.in.2",
"to":{"scalar":0}
,
"timingFunction":"linear",
"duration":0.3}
]
,
"duration":1,
"animationType":"transition-MagicMove",
"beginTime":0,
"textures":["s1.in.2"]
}
,{"effect":"MagicMovePart",
"actions":[{"beginTime":0,
"from":{"scalar":1}
,
"action":"opacity",
"texture":"s1.out.2",
"to":{"scalar":0}
,
"timingFunction":"easeIn",
"duration":0.3}
]
,
"duration":1,
"animationType":"transition-MagicMove",
"beginTime":0,
"textures":["s1.out.2"]
}
,{"effect":"MagicMovePart",
"actions":[{"beginTime":0.7,
"from":{"scalar":0}
,
"action":"opacity",
"texture":"s1.in.3",
"to":{"scalar":1}
,
"timingFunction":"easeOut",
"duration":0.3}
,{"beginTime":0.7,
"from":{"scalar":0}
,
"action":"hidden",
"texture":"s1.in.3",
"to":{"scalar":0}
,
"timingFunction":"linear",
"duration":0.3}
]
,
"duration":1,
"animationType":"transition-MagicMove",
"beginTime":0,
"textures":["s1.in.3"]
}
,{"effect":"MagicMovePart",
"actions":[{"beginTime":0,
"from":{"scalar":0}
,
"action":"transform.translation.x",
"texture":"s1.out.1",
"to":{"scalar":0}
,
"timingFunction":"easeInEaseOut",
"duration":1}
,{"beginTime":0,
"from":{"scalar":0}
,
"action":"transform.translation.y",
"texture":"s1.out.1",
"to":{"scalar":345}
,
"timingFunction":"easeInEaseOut",
"duration":1}
,{"beginTime":0,
"from":{"scalar":0}
,
"action":"hidden",
"texture":"s1.out.1",
"to":{"scalar":0}
,
"timingFunction":"linear",
"duration":0.4}
,{"beginTime":0.4,
"from":{"scalar":1}
,
"action":"hidden",
"texture":"s1.out.1",
"to":{"scalar":1}
,
"timingFunction":"linear",
"duration":0.6}
]
,
"duration":1,
"animationType":"transition-MagicMove",
"beginTime":0,
"textures":["s1.out.1"]
}
,{"effect":"MagicMovePart",
"actions":[{"beginTime":0,
"from":{"scalar":-0}
,
"action":"transform.translation.x",
"texture":"s1.in.1",
"to":{"scalar":0}
,
"timingFunction":"easeInEaseOut",
"duration":1}
,{"beginTime":0,
"from":{"scalar":-345}
,
"action":"transform.translation.y",
"texture":"s1.in.1",
"to":{"scalar":0}
,
"timingFunction":"easeInEaseOut",
"duration":1}
,{"beginTime":0,
"from":{"scalar":1}
,
"action":"hidden",
"texture":"s1.in.1",
"to":{"scalar":1}
,
"timingFunction":"linear",
"duration":0.4}
,{"beginTime":0.4,
"from":{"scalar":0}
,
"action":"hidden",
"texture":"s1.in.1",
"to":{"scalar":0}
,
"timingFunction":"linear",
"duration":0.6}
]
,
"duration":1,
"animationType":"transition-MagicMove",
"beginTime":0,
"textures":["s1.in.1"]
}
]
,
"textRegions":[{"targetRectangle":{"y":207,
"width":815,
"x":105,
"height":178}
,
"text":"Introducció a les Telecomunicacions"}
,{"targetRectangle":{"y":473,
"width":780,
"x":122,
"height":33}
,
"text":"CFGS Sistemes de telecomunicacions i informàtics"}
,{"targetRectangle":{"y":506,
"width":800,
"x":112,
"height":33}
,
"text":"MP08: Elements de sistemes de telecomunicacions"}
,{"targetRectangle":{"y":539,
"width":649,
"x":192,
"height":58}
,
"text":"UF1: Caracterització dels sistemes i senyals de telecomunicacions"}
,{"targetRectangle":{"y":469,
"width":0,
"x":100,
"height":0}
,
"text":""}
,{"targetRectangle":{"y":626,
"width":220,
"x":402,
"height":29}
,
"text":"Gabriel Ramírez"}
,{"targetRectangle":{"y":655,
"width":184,
"x":420,
"height":29}
,
"text":"INS La Pineda"}
]
}
,{"automaticPlay":false,
"hyperlinks":[]
,
"eventInitialStates":[{"opacity":1,
"affineTransform":[1,0,0,1,0,0]
,
"texture":"s2.b",
"hidden":0}
,{"opacity":1,
"affineTransform":[1,0,0,1,0,0]
,
"texture":"s2.a",
"hidden":0}
]
,
"eventAnimations":[{"effect":"none",
"actions":[{"beginTime":0,
"from":{"scalar":1}
,
"action":"hidden",
"texture":"s2.a",
"to":{"scalar":1}
,
"timingFunction":"linear",
"duration":0.001}
]
,
"duration":0.001,
"animationType":"transition",
"beginTime":0,
"textures":["s2.a"]
}
,{"effect":"none",
"actions":[{"beginTime":0,
"from":{"scalar":0}
,
"action":"hidden",
"texture":"s2.b",
"to":{"scalar":0}
,
"timingFunction":"linear",
"duration":0.001}
]
,
"duration":0.001,
"animationType":"transition",
"beginTime":0,
"textures":["s2.b"]
}
]
,
"textRegions":[{"targetRectangle":{"y":552,
"width":815,
"x":105,
"height":178}
,
"text":"Introducció a les Telecomunicacions"}
]
}
,{"automaticPlay":false,
"hyperlinks":[]
,
"eventInitialStates":[{"opacity":1,
"affineTransform":[1,0,0,1,0,0]
,
"texture":"s3.b",
"hidden":0}
,{"opacity":1,
"affineTransform":[1,0,0,1,0,0]
,
"texture":"s3.a",
"hidden":0}
]
,
"eventAnimations":[{"effect":"none",
"actions":[{"beginTime":0,
"from":{"scalar":1}
,
"action":"hidden",
"texture":"s3.a",
"to":{"scalar":1}
,
"timingFunction":"linear",
"duration":0.001}
]
,
"duration":0.001,
"animationType":"transition",
"beginTime":0,
"textures":["s3.a"]
}
,{"effect":"none",
"actions":[{"beginTime":0,
"from":{"scalar":0}
,
"action":"hidden",
"texture":"s3.b",
"to":{"scalar":0}
,
"timingFunction":"linear",
"duration":0.001}
]
,
"duration":0.001,
"animationType":"transition",
"beginTime":0,
"textures":["s3.b"]
}
]
,
"textRegions":[{"targetRectangle":{"y":159,
"width":800.4803,
"x":112,
"height":0.009994507}
,
"text":""}
,{"targetRectangle":{"y":86,
"width":388,
"x":318,
"height":66}
,
"text":"Introducció"}
,{"targetRectangle":{"y":352,
"width":595,
"x":174,
"height":74}
,
"text":"Què són les Telecomunicacions?"}
,{"targetRectangle":{"y":426,
"width":625,
"x":174,
"height":74}
,
"text":"Què és informació i què no ho es?"}
,{"targetRectangle":{"y":500,
"width":635,
"x":174,
"height":56}
,
"text":"Què és una senyal en Banda Base?"}
]
}
,{"automaticPlay":0,
"eventInitialStates":[{"opacity":1,
"zIndex":-1,
"affineTransform":[1,0,0,1,0,0]
,
"texture":"s4.background",
"hidden":0}
,{"opacity":1,
"zIndex":0,
"affineTransform":[1,0,0,1,110,157]
,
"texture":"s4.1.1.1.fixed",
"canvasObjectID":0,
"hidden":0}
,{"opacity":1,
"zIndex":1,
"affineTransform":[1,0,0,1,269,36]
,
"texture":"s4.1.2.1.fixed",
"canvasObjectID":1,
"hidden":0}
,{"opacity":1,
"zIndex":2,
"affineTransform":[1,0,0,1,207,207]
,
"texture":"s4.1.3.1.fixed",
"canvasObjectID":2,
"hidden":0}
,{"opacity":1,
"zIndex":3,
"affineTransform":[1,0,0,1,140,356]
,
"texture":"s4.1.1.1.dynamic",
"canvasObjectID":3,
"hidden":1}
,{"opacity":1,
"zIndex":4,
"affineTransform":[1,0,0,1,-1,576]
,
"texture":"s4.1.5.1.fixed",
"canvasObjectID":4,
"hidden":1}
,{"opacity":1,
"zIndex":5,
"affineTransform":[1,0,0,1,506,734]
,
"texture":"s4.1.6.1.fixed",
"canvasObjectID":5,
"hidden":0}
]
,
"hyperlinks":[]
,
"eventAnimations":[{"effect":"apple:3D-cube",
"actions":[{"beginTime":0,
"from":{"scalar":0}
,
"action":"opacity",
"texture":"s4.1.1.1.dynamic",
"to":{"scalar":1}
,
"timingFunction":"easeIn",
"duration":2.01}
,{"beginTime":0,
"from":{"transform":[1,0,0,0,0,0,1,0,0,-1,0,0,0,-97,-97,1]
}
,
"action":"transform",
"texture":"s4.1.1.1.dynamic",
"to":{"transform":[1,0,0,0,0,0.009669348,0.9999533,0,0,-0.9999533,0.009669348,0,0,-96.99547,-96.83904,1]
}
,
"timingFunction":"linear",
"duration":0.1005}
,{"beginTime":0.1005,
"from":{"transform":[1,0,0,0,0,0.009669348,0.9999533,0,0,-0.9999533,0.009669348,0,0,-96.99547,-96.83904,1]
}
,
"action":"transform",
"texture":"s4.1.1.1.dynamic",
"to":{"transform":[1,0,0,0,0,0.0384306,0.9992613,0,0,-0.9992613,0.0384306,0,0,-96.92834,-96.35814,1]
}
,
"timingFunction":"linear",
"duration":0.1005}
,{"beginTime":0.201,
"from":{"transform":[1,0,0,0,0,0.0384306,0.9992613,0,0,-0.9992613,0.0384306,0,0,-96.92834,-96.35814,1]
}
,
"action":"transform",
"texture":"s4.1.1.1.dynamic",
"to":{"transform":[1,0,0,0,0,0.08549868,0.9963383,0,0,-0.9963383,0.08549868,0,0,-96.64481,-95.55193,1]
}
,
"timingFunction":"linear",
"duration":0.1005}
,{"beginTime":0.3015,
"from":{"transform":[1,0,0,0,0,0.08549868,0.9963383,0,0,-0.9963383,0.08549868,0,0,-96.64481,-95.55193,1]
}
,
"action":"transform",
"texture":"s4.1.1.1.dynamic",
"to":{"transform":[1,0,0,0,0,0.1494358,0.9887714,0,0,-0.9887714,0.1494358,0,0,-95.91083,-94.37817,1]
}
,
"timingFunction":"linear",
"duration":0.1005}
,{"beginTime":0.402,
"from":{"transform":[1,0,0,0,0,0.1494358,0.9887714,0,0,-0.9887714,0.1494358,0,0,-95.91083,-94.37817,1]
}
,
"action":"transform",
"texture":"s4.1.1.1.dynamic",
"to":{"transform":[1,0,0,0,0,0.2280143,0.9736578,0,0,-0.9736578,0.2280143,0,0,-94.44481,-92.7226,1]
}
,
"timingFunction":"linear",
"duration":0.1005}
,{"beginTime":0.5025,
"from":{"transform":[1,0,0,0,0,0.2280143,0.9736578,0,0,-0.9736578,0.2280143,0,0,-94.44481,-92.7226,1]
}
,
"action":"transform",
"texture":"s4.1.1.1.dynamic",
"to":{"transform":[1,0,0,0,0,0.3181266,0.9480482,0,0,-0.9480482,0.3181266,0,0,-91.96068,-90.37747,1]
}
,
"timingFunction":"linear",
"duration":0.1005}
,{"beginTime":0.603,
"from":{"transform":[1,0,0,0,0,0.3181266,0.9480482,0,0,-0.9480482,0.3181266,0,0,-91.96068,-90.37747,1]
}
,
"action":"transform",
"texture":"s4.1.1.1.dynamic",
"to":{"transform":[1,0,0,0,0,0.4158114,0.9094509,0,0,-0.9094509,0.4158114,0,0,-88.21674,-87.05427,1]
}
,
"timingFunction":"linear",
"duration":0.1005}
,{"beginTime":0.7035,
"from":{"transform":[1,0,0,0,0,0.4158114,0.9094509,0,0,-0.9094509,0.4158114,0,0,-88.21674,-87.05427,1]
}
,
"action":"transform",
"texture":"s4.1.1.1.dynamic",
"to":{"transform":[1,0,0,0,0,0.5164472,0.8563191,0,0,-0.8563191,0.5164472,0,0,-83.06295,-82.44218,1]
}
,
"timingFunction":"linear",
"duration":0.1005}
,{"beginTime":0.804,
"from":{"transform":[1,0,0,0,0,0.5164472,0.8563191,0,0,-0.8563191,0.5164472,0,0,-83.06295,-82.44218,1]
}
,
"action":"transform",
"texture":"s4.1.1.1.dynamic",
"to":{"transform":[1,0,0,0,0,0.6151174,0.7884356,0,0,-0.7884356,0.6151174,0,0,-76.47825,-76.30539,1]
}
,
"timingFunction":"linear",
"duration":0.1005}
,{"beginTime":0.9045,
"from":{"transform":[1,0,0,0,0,0.6151174,0.7884356,0,0,-0.7884356,0.6151174,0,0,-76.47825,-76.30539,1]
}
,
"action":"transform",
"texture":"s4.1.1.1.dynamic",
"to":{"transform":[1,0,0,0,0,0.7071068,0.7071068,0,0,-0.7071068,0.7071068,0,0,-68.58936,-68.58936,1]
}
,
"timingFunction":"linear",
"duration":0.1005}
,{"beginTime":1.005,
"from":{"transform":[1,0,0,0,0,0.7071068,0.7071068,0,0,-0.7071068,0.7071068,0,0,-68.58936,-68.58936,1]
}
,
"action":"transform",
"texture":"s4.1.1.1.dynamic",
"to":{"transform":[1,0,0,0,0,0.7884355,0.6151174,0,0,-0.6151174,0.7884355,0,0,-59.66639,-59.49353,1]
}
,
"timingFunction":"linear",
"duration":0.1005}
,{"beginTime":1.1055,
"from":{"transform":[1,0,0,0,0,0.7884355,0.6151174,0,0,-0.6151174,0.7884355,0,0,-59.66639,-59.49353,1]
}
,
"action":"transform",
"texture":"s4.1.1.1.dynamic",
"to":{"transform":[1,0,0,0,0,0.8563191,0.5164472,0,0,-0.5164472,0.8563191,0,0,-50.09538,-49.4746,1]
}
,
"timingFunction":"linear",
"duration":0.1005}
,{"beginTime":1.206,
"from":{"transform":[1,0,0,0,0,0.8563191,0.5164472,0,0,-0.5164472,0.8563191,0,0,-50.09538,-49.4746,1]
}
,
"action":"transform",
"texture":"s4.1.1.1.dynamic",
"to":{"transform":[1,0,0,0,0,0.9094508,0.4158116,0,0,-0.4158116,0.9094508,0,0,-40.33372,-39.17125,1]
}
,
"timingFunction":"linear",
"duration":0.1005}
,{"beginTime":1.3065,
"from":{"transform":[1,0,0,0,0,0.9094508,0.4158116,0,0,-0.4158116,0.9094508,0,0,-40.33372,-39.17125,1]
}
,
"action":"transform",
"texture":"s4.1.1.1.dynamic",
"to":{"transform":[1,0,0,0,0,0.9480482,0.3181266,0,0,-0.3181266,0.9480482,0,0,-30.85828,-29.27507,1]
}
,
"timingFunction":"linear",
"duration":0.1005}
,{"beginTime":1.407,
"from":{"transform":[1,0,0,0,0,0.9480482,0.3181266,0,0,-0.3181266,0.9480482,0,0,-30.85828,-29.27507,1]
}
,
"action":"transform",
"texture":"s4.1.1.1.dynamic",
"to":{"transform":[1,0,0,0,0,0.9736578,0.2280143,0,0,-0.2280143,0.9736578,0,0,-22.11739,-20.39518,1]
}
,
"timingFunction":"linear",
"duration":0.1005}
,{"beginTime":1.5075,
"from":{"transform":[1,0,0,0,0,0.9736578,0.2280143,0,0,-0.2280143,0.9736578,0,0,-22.11739,-20.39518,1]
}
,
"action":"transform",
"texture":"s4.1.1.1.dynamic",
"to":{"transform":[1,0,0,0,0,0.9887714,0.1494358,0,0,-0.1494358,0.9887714,0,0,-14.49527,-12.96261,1]
}
,
"timingFunction":"linear",
"duration":0.1005}
,{"beginTime":1.608,
"from":{"transform":[1,0,0,0,0,0.9887714,0.1494358,0,0,-0.1494358,0.9887714,0,0,-14.49527,-12.96261,1]
}
,
"action":"transform",
"texture":"s4.1.1.1.dynamic",
"to":{"transform":[1,0,0,0,0,0.9963383,0.08549872,0,0,-0.08549872,0.9963383,0,0,-8.293376,-7.200483,1]
}
,
"timingFunction":"linear",
"duration":0.1005}
,{"beginTime":1.7085,
"from":{"transform":[1,0,0,0,0,0.9963383,0.08549872,0,0,-0.08549872,0.9963383,0,0,-8.293376,-7.200483,1]
}
,
"action":"transform",
"texture":"s4.1.1.1.dynamic",
"to":{"transform":[1,0,0,0,0,0.9992613,0.03843069,0,0,-0.03843069,0.9992613,0,0,-3.727777,-3.157565,1]
}
,
"timingFunction":"linear",
"duration":0.1005}
,{"beginTime":1.809,
"from":{"transform":[1,0,0,0,0,0.9992613,0.03843069,0,0,-0.03843069,0.9992613,0,0,-3.727777,-3.157565,1]
}
,
"action":"transform",
"texture":"s4.1.1.1.dynamic",
"to":{"transform":[1,0,0,0,0,0.9999533,0.009669433,0,0,-0.009669433,0.9999533,0,0,-0.9379351,-0.7815104,1]
}
,
"timingFunction":"linear",
"duration":0.1005}
,{"beginTime":1.9095,
"from":{"transform":[1,0,0,0,0,0.9999533,0.009669433,0,0,-0.009669433,0.9999533,0,0,-0.9379351,-0.7815104,1]
}
,
"action":"transform",
"texture":"s4.1.1.1.dynamic",
"to":{"transform":[1,0,0,0,0,1,0,0,0,0,1,0,0,0,0,1]
}
,
"timingFunction":"linear",
"duration":0.1005}
,{"beginTime":0,
"from":{"scalar":0}
,
"action":"hidden",
"texture":"s4.1.1.1.dynamic",
"to":{"scalar":0}
,
"timingFunction":"linear",
"duration":2.01}
]
,
"duration":2.01,
"animationType":"buildIn",
"beginTime":0,
"textures":["s4.1.1.1.dynamic"]
}
]
,
"textRegions":[{"targetRectangle":{"y":159,
"width":800.4803,
"x":112,
"height":0.009994507}
,
"text":""}
,{"targetRectangle":{"y":24,
"width":511,
"x":266,
"height":132}
,
"text":"Elements de la Comunicació"}
]
}
,{"automaticPlay":0,
"eventInitialStates":[{"opacity":1,
"zIndex":-1,
"affineTransform":[1,0,0,1,0,0]
,
"texture":"s4.background",
"hidden":0}
,{"opacity":1,
"zIndex":0,
"affineTransform":[1,0,0,1,110,157]
,
"texture":"s4.2.1.1.fixed",
"canvasObjectID":0,
"hidden":0}
,{"opacity":1,
"zIndex":1,
"affineTransform":[1,0,0,1,269,36]
,
"texture":"s4.2.2.1.fixed",
"canvasObjectID":1,
"hidden":0}
,{"opacity":1,
"zIndex":2,
"affineTransform":[1,0,0,1,207,207]
,
"texture":"s4.2.3.1.fixed",
"canvasObjectID":2,
"hidden":0}
,{"opacity":1,
"zIndex":3,
"affineTransform":[1,0,0,1,140,356]
,
"texture":"s4.2.4.1.fixed",
"canvasObjectID":3,
"hidden":0}
,{"opacity":1,
"zIndex":4,
"affineTransform":[1,0,0,1,-1,576]
,
"texture":"s4.2.1.1.dynamic",
"canvasObjectID":4,
"hidden":1}
,{"opacity":1,
"zIndex":5,
"affineTransform":[1,0,0,1,506,734]
,
"texture":"s4.2.6.1.fixed",
"canvasObjectID":5,
"hidden":0}
]
,
"hyperlinks":[]
,
"eventAnimations":[{"effect":"apple:3D-cube",
"actions":[{"beginTime":0,
"from":{"scalar":0}
,
"action":"opacity",
"texture":"s4.2.1.1.dynamic",
"to":{"scalar":1}
,
"timingFunction":"easeIn",
"duration":1.01}
,{"beginTime":0,
"from":{"transform":[1,0,0,0,0,0,1,0,0,-1,0,0,0,-62,-62,1]
}
,
"action":"transform",
"texture":"s4.2.1.1.dynamic",
"to":{"transform":[1,0,0,0,0,0.0384306,0.9992613,0,0,-0.9992613,0.0384306,0,0,-61.9542,-61.58974,1]
}
,
"timingFunction":"linear",
"duration":0.101}
,{"beginTime":0.101,
"from":{"transform":[1,0,0,0,0,0.0384306,0.9992613,0,0,-0.9992613,0.0384306,0,0,-61.9542,-61.58974,1]
}
,
"action":"transform",
"texture":"s4.2.1.1.dynamic",
"to":{"transform":[1,0,0,0,0,0.1494358,0.9887714,0,0,-0.9887714,0.1494358,0,0,-61.30383,-60.32419,1]
}
,
"timingFunction":"linear",
"duration":0.101}
,{"beginTime":0.202,
"from":{"transform":[1,0,0,0,0,0.1494358,0.9887714,0,0,-0.9887714,0.1494358,0,0,-61.30383,-60.32419,1]
}
,
"action":"transform",
"texture":"s4.2.1.1.dynamic",
"to":{"transform":[1,0,0,0,0,0.3181266,0.9480482,0,0,-0.9480482,0.3181266,0,0,-58.77899,-57.76704,1]
}
,
"timingFunction":"linear",
"duration":0.101}
,{"beginTime":0.303,
"from":{"transform":[1,0,0,0,0,0.3181266,0.9480482,0,0,-0.9480482,0.3181266,0,0,-58.77899,-57.76704,1]
}
,
"action":"transform",
"texture":"s4.2.1.1.dynamic",
"to":{"transform":[1,0,0,0,0,0.5164472,0.8563191,0,0,-0.8563191,0.5164472,0,0,-53.09178,-52.695,1]
}
,
"timingFunction":"linear",
"duration":0.101}
,{"beginTime":0.404,
"from":{"transform":[1,0,0,0,0,0.5164472,0.8563191,0,0,-0.8563191,0.5164472,0,0,-53.09178,-52.695,1]
}
,
"action":"transform",
"texture":"s4.2.1.1.dynamic",
"to":{"transform":[1,0,0,0,0,0.7071068,0.7071068,0,0,-0.7071068,0.7071068,0,0,-43.84062,-43.84063,1]
}
,
"timingFunction":"linear",
"duration":0.101}
,{"beginTime":0.505,
"from":{"transform":[1,0,0,0,0,0.7071068,0.7071068,0,0,-0.7071068,0.7071068,0,0,-43.84062,-43.84063,1]
}
,
"action":"transform",
"texture":"s4.2.1.1.dynamic",
"to":{"transform":[1,0,0,0,0,0.8563191,0.5164472,0,0,-0.5164472,0.8563191,0,0,-32.01973,-31.62294,1]
}
,
"timingFunction":"linear",
"duration":0.101}
,{"beginTime":0.606,
"from":{"transform":[1,0,0,0,0,0.8563191,0.5164472,0,0,-0.5164472,0.8563191,0,0,-32.01973,-31.62294,1]
}
,
"action":"transform",
"texture":"s4.2.1.1.dynamic",
"to":{"transform":[1,0,0,0,0,0.9480482,0.3181266,0,0,-0.3181266,0.9480482,0,0,-19.72385,-18.7119,1]
}
,
"timingFunction":"linear",
"duration":0.101}
,{"beginTime":0.707,
"from":{"transform":[1,0,0,0,0,0.9480482,0.3181266,0,0,-0.3181266,0.9480482,0,0,-19.72385,-18.7119,1]
}
,
"action":"transform",
"texture":"s4.2.1.1.dynamic",
"to":{"transform":[1,0,0,0,0,0.9887714,0.1494358,0,0,-0.1494358,0.9887714,0,0,-9.265019,-8.285381,1]
}
,
"timingFunction":"linear",
"duration":0.101}
,{"beginTime":0.808,
"from":{"transform":[1,0,0,0,0,0.9887714,0.1494358,0,0,-0.1494358,0.9887714,0,0,-9.265019,-8.285381,1]
}
,
"action":"transform",
"texture":"s4.2.1.1.dynamic",
"to":{"transform":[1,0,0,0,0,0.9992613,0.03843069,0,0,-0.03843069,0.9992613,0,0,-2.382703,-2.018241,1]
}
,
"timingFunction":"linear",
"duration":0.101}
,{"beginTime":0.909,
"from":{"transform":[1,0,0,0,0,0.9992613,0.03843069,0,0,-0.03843069,0.9992613,0,0,-2.382703,-2.018241,1]
}
,
"action":"transform",
"texture":"s4.2.1.1.dynamic",
